#
#Tue Jan 28 21:14:57 CET 2025
window.pos.x=1118.4000244140625
window.pos.y=678.4000244140625
window.size.height=300.0
window.size.width=656.7999877929688
