#
#Tue Jan 28 21:15:17 CET 2025
window.pos.x=28.0
window.pos.y=30.399999618530273
window.size.height=1003.2000122070312
window.size.width=892.0
